2.593771221087529000e+00  2.381824844265298738e-02
2.654202211538693845e+00  4.880163986124251285e-01
2.747815604636944631e+00  5.809585492227978820e-01
2.849519059656508091e+00  6.037760416666666519e-01
2.950625684630237444e+00  6.200773306601746748e-01
3.049203232102353667e+00  6.254306295020356510e-01
3.148755240675098488e+00  6.385845158972516256e-01
3.248030900112731878e+00  6.424517593643587210e-01
3.345085599442871427e+00  7.115775220040623239e-01
3.446138496455071643e+00  8.234072022160664472e-01
3.551796602312659701e+00  8.142974527526705142e-01
3.648214763077822553e+00  7.372654155495979023e-01
3.748148193415145268e+00  6.664068589243959950e-01
3.845503460488668424e+00  6.301229508196721785e-01
3.946907068623436654e+00  5.825242718446601575e-01
4.084444811918855223e+00  5.771349862258953189e-01
4.289699313345919585e+00  5.377643504531721685e-01
4.492706916206761214e+00  4.947916666666666852e-01
4.691010351838736270e+00  3.892617449664429463e-01
