9.908198334064875326e+02  2.137386798858642578e+00
9.910479834427391097e+02  2.032241582870483398e+00
9.912762114855897835e+02  1.751705050468444824e+00
9.915045007139875679e+02  1.909031033515930176e+00
9.917328437173626980e+02  1.466125607490539551e+00
9.919612245816097129e+02  1.872526764869689941e+00
9.921896484361825514e+02  1.574489712715148926e+00
9.924181325822205508e+02  1.594958305358886719e+00
9.926466447468508250e+02  1.749871253967285156e+00
9.928752401617329042e+02  1.579357743263244629e+00
9.931038939737633200e+02  1.517926573753356934e+00
9.933326019023410254e+02  1.633440852165222168e+00
9.935613464789464615e+02  1.790336608886718750e+00
9.937901401378634318e+02  1.640721917152404785e+00
9.940189909593577795e+02  1.709342122077941895e+00
9.942478753648501879e+02  1.769827365875244141e+00
9.944768390190084801e+02  1.522968292236328125e+00
9.947058622855832937e+02  1.550362586975097656e+00
9.949349365332971047e+02  1.554000854492187500e+00
9.951640554415057522e+02  1.618368029594421387e+00
9.953932185522595546e+02  1.672636628150939941e+00
9.956224414412656643e+02  1.541741967201232910e+00
9.958516935611771714e+02  1.423725724220275879e+00
9.960810308545245562e+02  1.485049128532409668e+00
9.963104263640667568e+02  1.448944568634033203e+00
9.965398730320096092e+02  1.426977634429931641e+00
9.967693619221196286e+02  1.565408110618591309e+00
9.969988957171468655e+02  1.597614407539367676e+00
9.972284875439510188e+02  1.495380759239196777e+00
9.974581096500714921e+02  1.390358328819274902e+00
9.976878197151298764e+02  1.564922332763671875e+00
9.979175853836561600e+02  1.564540982246398926e+00
9.981474048183051764e+02  1.561742901802062988e+00
9.983772626492276459e+02  1.645093917846679688e+00
9.986071674694959484e+02  1.642755866050720215e+00
9.988371287551206024e+02  1.597916483879089355e+00
9.990671213639634516e+02  1.547474384307861328e+00
9.992971968815589889e+02  1.463994503021240234e+00
9.995273337473180391e+02  1.483201622962951660e+00
9.997575226419709225e+02  1.450720787048339844e+00
9.999877534169712590e+02  1.476117968559265137e+00
1.000218026477189937e+03  1.442109704017639160e+00
1.000448357398290796e+03  1.578716874122619629e+00
1.000678721032082649e+03  1.636350035667419434e+00
1.000909170362000168e+03  1.458696722984313965e+00
1.001139674770683087e+03  1.500822544097900391e+00
1.001370234521791417e+03  1.614563941955566406e+00
1.001600836147042401e+03  1.590020775794982910e+00
1.001831479879714038e+03  1.553613781929016113e+00
1.002062183570276943e+03  1.551381945610046387e+00
1.002292915969474848e+03  1.580583095550537109e+00
1.002523732144184123e+03  1.549521803855895996e+00
1.002754610715485342e+03  1.527565956115722656e+00
1.002985540621136124e+03  1.571695804595947266e+00
1.003216512399101703e+03  1.461834073066711426e+00
1.003447532738768700e+03  1.577834486961364746e+00
1.003678609019490409e+03  1.510704159736633301e+00
1.003909712785281954e+03  1.435404419898986816e+00
1.004140904692554045e+03  1.508822321891784668e+00
1.004372152724570128e+03  1.528054714202880859e+00
1.004603453822118468e+03  1.450038909912109375e+00
1.004834798371158740e+03  1.474118709564208984e+00
1.005066193388824672e+03  1.455206036567687988e+00
1.005297640697972383e+03  1.453680992126464844e+00
1.005529133423616145e+03  1.469299435615539551e+00
1.005760700709746175e+03  1.386984229087829590e+00
1.005992314723505842e+03  1.493566870689392090e+00
1.006223992770317750e+03  1.394649386405944824e+00
1.006455721056402695e+03  1.395307064056396484e+00
1.006687506409305115e+03  1.490750789642333984e+00
1.006919332760971542e+03  1.414233088493347168e+00
1.007151198428827911e+03  1.521203517913818359e+00
1.007383126834111522e+03  1.415881991386413574e+00
1.007615110306171800e+03  1.405637264251708984e+00
1.007847152246107726e+03  1.516900062561035156e+00
1.008079264101451145e+03  1.471253275871276855e+00
9.901792809756492488e+02  1.669566512107849121e+00
9.904073018750303845e+02  1.706478714942932129e+00
9.906353769162852814e+02  1.718108177185058594e+00
9.908635041229116496e+02  1.662358760833740234e+00
9.910916834573625920e+02  1.696000337600708008e+00
9.913199170412157173e+02  1.668057799339294434e+00
9.915482025625199185e+02  1.663750171661376953e+00
9.917765455264483307e+02  1.675325512886047363e+00
9.920049335990382815e+02  1.666103959083557129e+00
9.922333779293031739e+02  1.685010433197021484e+00
9.924618734702878555e+02  1.656180620193481445e+00
9.926904222016144104e+02  1.650612950325012207e+00
9.929190251710726898e+02  1.630572557449340820e+00
9.931476774847375282e+02  1.662266850471496582e+00
9.933763903286178447e+02  1.654170751571655273e+00
9.936051464700057068e+02  1.582226872444152832e+00
9.938339578165516741e+02  1.601306319236755371e+00
9.940628223254718705e+02  1.604544162750244141e+00
9.942917368553577262e+02  1.633509516716003418e+00
9.945207105498536748e+02  1.582581639289855957e+00
9.947497315032078404e+02  1.593800902366638184e+00
9.949788121144472370e+02  1.561194539070129395e+00
9.952079365926609853e+02  1.533577203750610352e+00
9.954371177170102101e+02  1.571720361709594727e+00
9.956663517244292052e+02  1.528598427772521973e+00
9.958956360552595015e+02  1.537074327468872070e+00
9.961249780374380407e+02  1.532215356826782227e+00
9.963543685718232155e+02  1.544515371322631836e+00
9.965838183013948992e+02  1.550074696540832520e+00
9.968133157811952287e+02  1.508319020271301270e+00
9.970428685754412754e+02  1.520737171173095703e+00
9.972724734063216374e+02  1.538761615753173828e+00
9.975021284467948135e+02  1.549931406974792480e+00
9.977318394805456592e+02  1.551022171974182129e+00
9.979615997263443887e+02  1.502491831779479980e+00
9.981914209576301573e+02  1.516643166542053223e+00
9.984212871307971682e+02  1.524282217025756836e+00
9.986512103186285003e+02  1.519788861274719238e+00
9.988811841797571560e+02  1.535166859626770020e+00
9.991112090214085129e+02  1.510841965675354004e+00
9.993412913674281981e+02  1.504148364067077637e+00
9.995714217453380570e+02  1.479341745376586914e+00
9.998016139208572213e+02  1.523575305938720703e+00
1.000031850944015787e+03  1.518577933311462402e+00
1.000262145242685733e+03  1.511745095252990723e+00
1.000492489390578498e+03  1.513308644294738770e+00
1.000722887142920399e+03  1.453112006187438965e+00
1.000953340087044467e+03  1.452772140502929688e+00
1.001183841172418852e+03  1.497046351432800293e+00
1.001414404005147162e+03  1.455374121665954590e+00
1.001645012662790691e+03  1.475620388984680176e+00
1.001875679400809418e+03  1.468478202819824219e+00
1.002106393523805878e+03  1.489070534706115723e+00
1.002337161818020491e+03  1.487342000007629395e+00
1.002567988394469239e+03  1.443712830543518066e+00
1.002798860248188134e+03  1.479987144470214844e+00
1.003029796235778349e+03  1.494523763656616211e+00
1.003260774916585888e+03  1.488056540489196777e+00
1.003491815630570159e+03  1.491470098495483398e+00
1.003722903571715506e+03  1.466633558273315430e+00
1.003954043291833273e+03  1.474382400512695312e+00
1.004185242382547585e+03  1.494407773017883301e+00
1.004416486685775908e+03  1.473750829696655273e+00
1.004647792647740971e+03  1.480963826179504395e+00
1.004879144389182670e+03  1.473002910614013672e+00
1.005110558053478485e+03  1.458023786544799805e+00
1.005342020059226456e+03  1.482147574424743652e+00
1.005573532323766131e+03  1.491776823997497559e+00
1.005805102290961827e+03  1.468997716903686523e+00
1.006036721170973806e+03  1.467233180999755859e+00
1.006268397132137579e+03  1.467196583747863770e+00
1.006500124363672512e+03  1.496033191680908203e+00
1.006731910995912017e+03  1.488165974617004395e+00
1.006963744012043435e+03  1.459337234497070312e+00
1.007195632084977433e+03  1.445735096931457520e+00
1.007427573783768707e+03  1.450313091278076172e+00
9.901141310407043648e+02  1.585710048675537109e+00
9.903421376026950611e+02  1.585505962371826172e+00
9.905702017965206778e+02  1.580087065696716309e+00
9.907983157227856736e+02  1.565604448318481445e+00
9.910264822217469600e+02  1.567732572555541992e+00
9.912546990650364478e+02  1.582818865776062012e+00
9.914829717280628074e+02  1.559392094612121582e+00
9.917112953912353532e+02  1.569045543670654297e+00
9.919396701237154730e+02  1.545425295829772949e+00
9.921681015860100388e+02  1.526862502098083496e+00
9.923965824340751851e+02  1.534077882766723633e+00
9.926251186605234125e+02  1.511837363243103027e+00
9.928537029326436141e+02  1.498811721801757812e+00
9.930823423643437309e+02  1.498848795890808105e+00
9.933110336293497085e+02  1.509228110313415527e+00
9.935397787597991055e+02  1.471306443214416504e+00
9.937685797022430734e+02  1.452648282051086426e+00
9.939974272763867020e+02  1.484850525856018066e+00
9.942263332026076341e+02  1.478399395942687988e+00
9.944552861858676351e+02  1.448595523834228516e+00
9.946842957756803116e+02  1.457190632820129395e+00
9.949133564770892235e+02  1.455179333686828613e+00
9.951424704189843169e+02  1.462797760963439941e+00
9.953716402124384786e+02  1.435505151748657227e+00
9.956008578685742805e+02  1.398489475250244141e+00
9.958301319545324759e+02  1.409882903099060059e+00
9.960594549641045887e+02  1.429478645324707031e+00
9.962888356595864252e+02  1.417416691780090332e+00
9.965182631348749283e+02  1.419220566749572754e+00
9.967477440212303463e+02  1.415492057800292969e+00
9.969772805350262388e+02  1.382352232933044434e+00
9.972068674338265737e+02  1.412996053695678711e+00
9.974365122856655717e+02  1.428344488143920898e+00
9.976662047442943049e+02  1.397957444190979004e+00
9.978959561510068852e+02  1.399457216262817383e+00
9.981257538828966744e+02  1.403241753578186035e+00
9.983556054664039721e+02  1.388543009757995605e+00
9.985855115122049028e+02  1.386902332305908203e+00
9.988154683657292026e+02  1.394449591636657715e+00
9.990454839332841175e+02  1.391678094863891602e+00
9.992755477318434032e+02  1.405524253845214844e+00
9.995056675115199596e+02  1.384941697120666504e+00
9.997358361766338248e+02  1.373542189598083496e+00
9.999660603618638106e+02  1.381728410720825195e+00
1.000196334911667009e+03  1.391159415245056152e+00
1.000426663663385057e+03  1.394537329673767090e+00
1.000657049840905756e+03  1.391369700431823730e+00
1.000887485901138120e+03  1.380257129669189453e+00
1.001117975353368820e+03  1.370760083198547363e+00
1.001348517252280885e+03  1.368857622146606445e+00
1.001579112631750036e+03  1.363875865936279297e+00
1.001809758172769875e+03  1.346887588500976562e+00
1.002040459114092073e+03  1.341094732284545898e+00
1.002271216436586769e+03  1.359273552894592285e+00
1.002502024779425028e+03  1.346748828887939453e+00
1.002732887114594064e+03  1.357564091682434082e+00
1.002963799652689659e+03  1.380993008613586426e+00
1.003194765799761058e+03  1.380763173103332520e+00
1.003425784537400659e+03  1.358045339584350586e+00
1.003656858187531157e+03  1.350909948348999023e+00
1.003887987579867286e+03  1.388097167015075684e+00
1.004119166775038934e+03  1.389264464378356934e+00
1.004350402560191355e+03  1.392155647277832031e+00
1.004581685567899740e+03  1.396746754646301270e+00
1.004813027262509081e+03  1.385649442672729492e+00
1.005044419110064609e+03  1.365167140960693359e+00
1.005275862677560667e+03  1.379140496253967285e+00
1.005507366215469119e+03  1.379234075546264648e+00
1.005738918906204390e+03  1.367932558059692383e+00
1.005970526421501631e+03  1.377094268798828125e+00
1.006202182734752796e+03  1.388409376144409180e+00
1.006433899870004780e+03  1.366619110107421875e+00
1.006665667291935733e+03  1.373034954071044922e+00
1.006897484382093921e+03  1.373955130577087402e+00
1.007129361781428543e+03  1.362952589988708496e+00
1.007361288298555223e+03  1.359156727790832520e+00
9.901120617686376590e+02  1.529041171073913574e+00
9.903400667157827684e+02  1.518236756324768066e+00
9.905681287802066208e+02  1.518604755401611328e+00
9.907962447948864337e+02  1.510643005371093750e+00
9.910244074955322731e+02  1.497615814208984375e+00
9.912526289060308500e+02  1.479890227317810059e+00
9.914808930592364504e+02  1.478635072708129883e+00
9.917092175349079071e+02  1.495498657226562500e+00
9.919375909003657625e+02  1.470653295516967773e+00
9.921660205452191121e+02  1.450001239776611328e+00
9.923945041412366663e+02  1.463118195533752441e+00
9.926230343064565886e+02  1.451608896255493164e+00
9.928516238818775719e+02  1.450130105018615723e+00
9.930802569867967122e+02  1.433067679405212402e+00
9.933089511205524786e+02  1.427632808685302734e+00
9.935376929188539634e+02  1.432587265968322754e+00
9.937664915754584172e+02  1.391239404678344727e+00
9.939953403321559335e+02  1.410354971885681152e+00
9.942242402996333794e+02  1.407938480377197266e+00
9.944532004991640406e+02  1.400630116462707520e+00
9.946822018214508034e+02  1.399873852729797363e+00
9.949112634015538106e+02  1.385876297950744629e+00
9.951403742273491844e+02  1.388055205345153809e+00
9.953695423478842486e+02  1.389133572578430176e+00
9.955987606848947280e+02  1.369002819061279297e+00
9.958280307345933124e+02  1.355611681938171387e+00
9.960573583820887507e+02  1.366034030914306641e+00
9.962867305162269531e+02  1.363143444061279297e+00
9.965161623067001528e+02  1.364494085311889648e+00
9.967456405360450162e+02  1.369882583618164062e+00
9.969751791413644924e+02  1.355665087699890137e+00
9.972047671916000127e+02  1.346215486526489258e+00
9.974344082462380356e+02  1.343812227249145508e+00
9.976641054623696618e+02  1.340327262878417969e+00
9.978938470321434124e+02  1.330151557922363281e+00
9.981236503779665554e+02  1.341477036476135254e+00
9.983534983607466984e+02  1.354521512985229492e+00
9.985834068692673782e+02  1.332820057868957520e+00
9.988133691786118789e+02  1.335924267768859863e+00
9.990433818676183364e+02  1.356523513793945312e+00
9.992734494479058185e+02  1.339504241943359375e+00
9.995035631866488757e+02  1.319815158843994141e+00
9.997337350898326349e+02  1.323731184005737305e+00
9.999639556860857965e+02  1.329896450042724609e+00
1.000194236372539876e+03  1.318237185478210449e+00
1.000424567485946454e+03  1.299237966537475586e+00
1.000654949161961554e+03  1.301059842109680176e+00
1.000885388150964218e+03  1.307104110717773438e+00
1.001115874059577209e+03  1.312004566192626953e+00
1.001346417911179401e+03  1.305415868759155273e+00
1.001577011159754761e+03  1.304850459098815918e+00
1.001807664777428045e+03  1.302565932273864746e+00
1.002038364353265138e+03  1.292736887931823730e+00
1.002269116640812172e+03  1.297321319580078125e+00
1.002499927226928662e+03  1.296040296554565430e+00
1.002730786353290682e+03  1.304018378257751465e+00
1.002961699082741234e+03  1.305379748344421387e+00
1.003192666396778804e+03  1.309207439422607422e+00
1.003423690818854880e+03  1.304260134696960449e+00
1.003654764224406335e+03  1.304669260978698730e+00
1.003885889509077742e+03  1.307900547981262207e+00
1.004117072883978153e+03  1.302412509918212891e+00
1.004348303708440199e+03  1.290542125701904297e+00
1.004579589306019216e+03  1.299738049507141113e+00
1.004810928050419989e+03  1.296671032905578613e+00
1.005042324995827698e+03  1.295575499534606934e+00
1.005273771048381718e+03  1.294398665428161621e+00
1.005505269896712434e+03  1.298002719879150391e+00
1.005736826389100884e+03  1.307727336883544922e+00
1.005968431166334085e+03  1.296384692192077637e+00
1.006200093029587720e+03  1.305084228515625000e+00
1.006431800389287218e+03  1.314697146415710449e+00
1.006663566663835354e+03  1.310906648635864258e+00
1.006895385585043073e+03  1.304881095886230469e+00
1.007127256844871795e+03  1.300660967826843262e+00
1.007359187832951989e+03  1.298556685447692871e+00
9.901145224457129643e+02  1.382436037063598633e+00
9.903425326727242464e+02  1.385753989219665527e+00
9.905705858711583005e+02  1.376816272735595703e+00
9.907987079074677013e+02  1.380319952964782715e+00
9.910268676691929386e+02  1.366239190101623535e+00
9.912550911623285401e+02  1.359456181526184082e+00
9.914833570846989232e+02  1.363278031349182129e+00
9.917116869483311348e+02  1.361744046211242676e+00
9.919400649200107409e+02  1.353315830230712891e+00
9.921684873303073573e+02  1.339396119117736816e+00
9.923969771536822009e+02  1.333609223365783691e+00
9.926255047983019040e+02  1.342117786407470703e+00
9.928541000252162121e+02  1.333831787109375000e+00
9.930827319158884166e+02  1.314189195632934570e+00
9.933114313350801012e+02  1.319322466850280762e+00
9.935401738451751044e+02  1.327348470687866211e+00
9.937689665222103486e+02  1.316862463951110840e+00
9.939978257391625220e+02  1.315166592597961426e+00
9.942267218797639998e+02  1.313094973564147949e+00
9.944556850326437143e+02  1.303764820098876953e+00
9.946846859758007895e+02  1.313077926635742188e+00
9.949137553790850461e+02  1.304184913635253906e+00
9.951428653140728784e+02  1.300874590873718262e+00
9.953720284194700980e+02  1.292147517204284668e+00
9.956012579768665773e+02  1.280645608901977539e+00
9.958305205235997164e+02  1.277741193771362305e+00
9.960598522818368110e+02  1.264305710792541504e+00
9.962892245838198733e+02  1.261792540550231934e+00
9.965186605873446979e+02  1.258745670318603516e+00
9.967481414936114561e+02  1.252494215965270996e+00
9.969776750796692113e+02  1.258030295372009277e+00
9.972072737782668810e+02  1.250874042510986328e+00
9.974369053745995188e+02  1.242370367050170898e+00
9.976666078881971771e+02  1.239133477210998535e+00
9.978963504933902868e+02  1.240533947944641113e+00
9.981261589154536296e+02  1.244003653526306152e+00
9.983560074281616608e+02  1.232918262481689453e+00
9.985859111318994792e+02  1.233569025993347168e+00
9.988158758576980745e+02  1.232290744781494141e+00
9.990458778915769926e+02  1.243724584579467773e+00
9.992759514432557353e+02  1.251422524452209473e+00
9.995060643837529142e+02  1.240599513053894043e+00
9.997362430710642229e+02  1.254498362541198730e+00
9.999664622020906108e+02  1.244450688362121582e+00
1.000196738318037546e+03  1.232894062995910645e+00
1.000427071467374503e+03  1.233159899711608887e+00
1.000657446080974523e+03  1.235419273376464844e+00
1.000887887430782484e+03  1.227308034896850586e+00
1.001118374183990568e+03  1.229909181594848633e+00
1.001348924709114272e+03  1.229422807693481445e+00
1.001579512998599625e+03  1.207310318946838379e+00
1.001810162836618019e+03  1.201718807220458984e+00
1.002040867647763321e+03  1.220319390296936035e+00
1.002271613153459043e+03  1.208636641502380371e+00
1.002502429693653198e+03  1.196548223495483398e+00
1.002733286582128812e+03  1.200093150138854980e+00
1.002964208371154314e+03  1.205670595169067383e+00
1.003195167601945059e+03  1.210398077964782715e+00
1.003426188944380783e+03  1.215844035148620605e+00
1.003657265859656263e+03  1.228108882904052734e+00
1.003888385070364166e+03  1.224152684211730957e+00
1.004119573753954342e+03  1.231276631355285645e+00
1.004350803008264165e+03  1.230310916900634766e+00
1.004582096225678811e+03  1.214166522026062012e+00
1.004813430170000174e+03  1.226098537445068359e+00
1.005044824926870888e+03  1.230754256248474121e+00
1.005276272941787283e+03  1.219691157341003418e+00
1.005507765608071168e+03  1.221896409988403320e+00
1.005739326236380066e+03  1.215690016746520996e+00
1.005970926833046747e+03  1.212769389152526855e+00
1.006202593943884267e+03  1.233265638351440430e+00
1.006434301307308715e+03  1.232904076576232910e+00
1.006666070874792695e+03  1.228930473327636719e+00
1.006897891938894759e+03  1.228666663169860840e+00
1.007129757695644457e+03  1.229564666748046875e+00
1.007361692890895938e+03  1.227067232131958008e+00
9.901149605519625538e+02  1.351515769958496094e+00
9.903429734033010163e+02  1.342709422111511230e+00
9.905710354752643525e+02  1.356966972351074219e+00
9.907991472609852508e+02  1.326894998550415039e+00
9.910273145456349084e+02  1.319163084030151367e+00
9.912555284016985979e+02  1.323915958404541016e+00
9.914838069354383379e+02  1.323680043220520020e+00
9.917121223157433860e+02  1.324707984924316406e+00
9.919405028932870891e+02  1.313011050224304199e+00
9.921689320792845592e+02  1.305824756622314453e+00
9.923974132594603361e+02  1.323559165000915527e+00
9.926259486059190067e+02  1.322241902351379395e+00
9.928545301796272042e+02  1.314377665519714355e+00
9.930831743457152925e+02  1.305806159973144531e+00
9.933118597042049487e+02  1.286600351333618164e+00
9.935406094909038757e+02  1.287698626518249512e+00
9.937694071347174258e+02  1.273986935615539551e+00
9.939982571339473907e+02  1.259029269218444824e+00
9.942271599070296588e+02  1.255938291549682617e+00
9.944561118296319364e+02  1.253759264945983887e+00
9.946851238485111253e+02  1.250558257102966309e+00
9.949141789843077959e+02  1.243577718734741211e+00
9.951432974248397159e+02  1.232021570205688477e+00
9.953724637229900054e+02  1.222103953361511230e+00
9.956016836409266944e+02  1.219451546669006348e+00
9.958309547799010488e+02  1.212371349334716797e+00
9.960602781777544124e+02  1.222019910812377930e+00
9.962896592907485456e+02  1.230450630187988281e+00
9.965190837958380143e+02  1.231406450271606445e+00
9.967485719405671034e+02  1.229184746742248535e+00
9.969781069117229890e+02  1.204952239990234375e+00
9.972076986844513158e+02  1.213524222373962402e+00
9.974373366991072771e+02  1.215277671813964844e+00
9.976670306365660963e+02  1.205498576164245605e+00
9.978967801473661439e+02  1.200257539749145508e+00
9.981265769063355719e+02  1.202476978302001953e+00
9.983564347659942086e+02  1.211998343467712402e+00
9.985863400979256994e+02  1.217691779136657715e+00
9.988163012195283272e+02  1.194203495979309082e+00
9.990463095432854743e+02  1.198048830032348633e+00
9.992763767986776884e+02  1.217299461364746094e+00
9.995064946915744031e+02  1.190307497978210449e+00
9.997366635359135216e+02  1.192183136940002441e+00
9.999668941619682982e+02  1.185087442398071289e+00
1.000197168469190615e+03  1.193381905555725098e+00
1.000427500296248013e+03  1.193439722061157227e+00
1.000657880475801221e+03  1.188566327095031738e+00
1.000888318427974241e+03  1.172484517097473145e+00
1.001118806637512307e+03  1.161468267440795898e+00
1.001349347242142358e+03  1.159706473350524902e+00
1.001579950422653951e+03  1.166561007499694824e+00
1.001810600173826515e+03  1.164084792137145996e+00
1.002041303334829877e+03  1.156190276145935059e+00
1.002272056272616851e+03  1.152763605117797852e+00
1.002502864852852667e+03  1.157742619514465332e+00
1.002733725259392372e+03  1.152223587036132812e+00
1.002964637406403085e+03  1.165269970893859863e+00
1.003195612774061829e+03  1.149319171905517578e+00
1.003426633281039926e+03  1.152830958366394043e+00
1.003657708507367147e+03  1.164105057716369629e+00
1.003888835968659464e+03  1.159909367561340332e+00
1.004120016623347624e+03  1.172121524810791016e+00
1.004351247808450580e+03  1.191920876502990723e+00
1.004582532943265846e+03  1.186545372009277344e+00
1.004813879523632409e+03  1.187655448913574219e+00
1.005045271174550521e+03  1.193374037742614746e+00
1.005276721490066620e+03  1.188657522201538086e+00
1.005508221550851999e+03  1.170172214508056641e+00
1.005739774700081171e+03  1.187102437019348145e+00
1.005971379527159570e+03  1.193078637123107910e+00
1.006203035849269554e+03  1.179237961769104004e+00
1.006434756212841762e+03  1.178625822067260742e+00
1.006666521091388404e+03  1.173333525657653809e+00
1.006898346386633648e+03  1.175500154495239258e+00
1.007130220548688612e+03  1.176268339157104492e+00
1.007362145613442067e+03  1.165864467620849609e+00
9.901132865547490383e+02  1.292830944061279297e+00
9.903412903797375293e+02  1.292636871337890625e+00
9.905693551362080598e+02  1.290933609008789062e+00
9.907974677142574365e+02  1.289751410484313965e+00
9.910256340084284830e+02  1.273520350456237793e+00
9.912538518052111840e+02  1.251886248588562012e+00
9.914821221178920041e+02  1.248149275779724121e+00
9.917104449296273287e+02  1.248855590820312500e+00
9.919388191394664318e+02  1.235739231109619141e+00
9.921672507817436326e+02  1.229256272315979004e+00
9.923957304153916539e+02  1.229445576667785645e+00
9.926242651552302050e+02  1.230906724929809570e+00
9.928528510731550796e+02  1.222743034362792969e+00
9.930814912559415006e+02  1.219648122787475586e+00
9.933101815281009976e+02  1.223362207412719727e+00
9.935389254317324230e+02  1.211356163024902344e+00
9.937677239944176790e+02  1.219947457313537598e+00
9.939965751309059669e+02  1.210017204284667969e+00
9.942254756635833246e+02  1.187795519828796387e+00
9.944544287519821637e+02  1.204747915267944336e+00
9.946834396636993461e+02  1.202350497245788574e+00
9.949124989436127180e+02  1.192260265350341797e+00
9.951416121323688913e+02  1.184093356132507324e+00
9.953707786430730948e+02  1.168736457824707031e+00
9.955999966313239611e+02  1.153831601142883301e+00
9.958292709018866162e+02  1.151659369468688965e+00
9.960585967185483014e+02  1.159474849700927734e+00
9.962879756023933169e+02  1.163769841194152832e+00
9.965174050960123395e+02  1.160128474235534668e+00
9.967468852011649005e+02  1.169219613075256348e+00
9.969764223532075675e+02  1.154977202415466309e+00
9.972060111721515341e+02  1.144702553749084473e+00
9.974356565330858757e+02  1.150505423545837402e+00
9.976653506578852557e+02  1.137715935707092285e+00
9.978950992633765509e+02  1.141465067863464355e+00
9.981248967865673194e+02  1.150503158569335938e+00
9.983547514973741954e+02  1.140737056732177734e+00
9.985846566459106270e+02  1.139918565750122070e+00
9.988146168547343677e+02  1.149724364280700684e+00
9.990446286698676204e+02  1.148598790168762207e+00
9.992746962926787546e+02  1.165401101112365723e+00
9.995048122979457048e+02  1.154694199562072754e+00
9.997349812629747703e+02  1.148827433586120605e+00
9.999652058297014037e+02  1.133659005165100098e+00
1.000195486429921061e+03  1.135368704795837402e+00
1.000425814691743994e+03  1.135871648788452148e+00
1.000656200468453335e+03  1.127162218093872070e+00
1.000886637860214705e+03  1.125513553619384766e+00
1.001117123484924946e+03  1.103110313415527344e+00
1.001347664879724789e+03  1.110800147056579590e+00
1.001578263149889949e+03  1.112388253211975098e+00
1.001808907947231205e+03  1.109242081642150879e+00
1.002039605939159287e+03  1.104078769683837891e+00
1.002270364161328075e+03  1.098125576972961426e+00
1.002501173110579202e+03  1.116249561309814453e+00
1.002732034543977647e+03  1.127219796180725098e+00
1.002962946212241945e+03  1.119087696075439453e+00
1.003193914242844357e+03  1.120130538940429688e+00
1.003424933348147079e+03  1.115851283073425293e+00
1.003656002812282168e+03  1.128087759017944336e+00
1.003887133203912299e+03  1.129810690879821777e+00
1.004118312954347402e+03  1.129205346107482910e+00
1.004349547051168656e+03  1.140566587448120117e+00
1.004580832189569264e+03  1.130113601684570312e+00
1.004812174156745755e+03  1.122836470603942871e+00
1.005043564816863068e+03  1.128378033638000488e+00
1.005275009076168317e+03  1.121557116508483887e+00
1.005506511335015261e+03  1.133808970451354980e+00
1.005738064380768833e+03  1.133388161659240723e+00
1.005969670972926338e+03  1.141238331794738770e+00
1.006201329942674988e+03  1.145265817642211914e+00
1.006433043635352306e+03  1.141683936119079590e+00
1.006664809957312968e+03  1.146863818168640137e+00
1.006896626154290175e+03  1.141138672828674316e+00
1.007128503301096771e+03  1.130806446075439453e+00
1.007360428214711533e+03  1.126759648323059082e+00
9.901136688303098481e+02  1.238403201103210449e+00
9.903416804029874356e+02  1.234142065048217773e+00
9.905697396017252458e+02  1.233737826347351074e+00
9.907978510479314309e+02  1.222038388252258301e+00
9.910260235116851391e+02  1.219439864158630371e+00
9.912542350083767815e+02  1.215559959411621094e+00
9.914825187507816509e+02  1.203615665435791016e+00
9.917108319442226048e+02  1.194477081298828125e+00
9.919392115821726748e+02  1.186262249946594238e+00
9.921676415680748278e+02  1.192926049232482910e+00
9.923961237575144878e+02  1.199457049369812012e+00
9.926246615354481264e+02  1.198422431945800781e+00
9.928532402554429837e+02  1.206475734710693359e+00
9.930818937840983835e+02  1.192303419113159180e+00
9.933105764216239777e+02  1.201340079307556152e+00
9.935393234022376419e+02  1.205477952957153320e+00
9.937681168187287994e+02  1.182399034500122070e+00
9.939969686450511972e+02  1.172816753387451172e+00
9.942258753196797443e+02  1.167413353919982910e+00
9.944548223216062297e+02  1.156768441200256348e+00
9.946838428189903425e+02  1.150356650352478027e+00
9.949128928593054297e+02  1.159629344940185547e+00
9.951420147237448646e+02  1.148643136024475098e+00
9.953711757117960133e+02  1.121515393257141113e+00
9.956003969684048798e+02  1.102268815040588379e+00
9.958296670944813513e+02  1.111850380897521973e+00
9.960589830218513043e+02  1.121063470840454102e+00
9.962883747666534191e+02  1.106880068778991699e+00
9.965177939069682225e+02  1.113485097885131836e+00
9.967472872452785850e+02  1.116318464279174805e+00
9.969768167684392211e+02  1.104071497917175293e+00
9.972064082681905575e+02  1.107930421829223633e+00
9.974360454158422726e+02  1.108823895454406738e+00
9.976657344653225437e+02  1.105463981628417969e+00
9.978954958773301769e+02  1.099491715431213379e+00
9.981252836919378524e+02  1.089421272277832031e+00
9.983551468347909577e+02  1.090437889099121094e+00
9.985850481395727911e+02  1.099552631378173828e+00
9.988150104273851184e+02  1.102683782577514648e+00
9.990450209952006162e+02  1.107580542564392090e+00
9.992750791702966353e+02  1.113306879997253418e+00
9.995052091395716616e+02  1.107227563858032227e+00
9.997353670516486090e+02  1.102010488510131836e+00
9.999656011744083344e+02  1.086903452873229980e+00
1.000195875537667348e+03  1.098897576332092285e+00
1.000426207250020070e+03  1.085756182670593262e+00
1.000656588651884590e+03  1.085250616073608398e+00
1.000887016317086818e+03  1.094682812690734863e+00
1.001117516706078959e+03  1.088892817497253418e+00
1.001348049082865145e+03  1.076337337493896484e+00
1.001578658137342131e+03  1.068518996238708496e+00
1.001809297843612626e+03  1.052868127822875977e+00
1.002040002302459357e+03  1.056653261184692383e+00
1.002270757008839269e+03  1.067632079124450684e+00
1.002501557762677521e+03  1.068331360816955566e+00
1.002732426512262123e+03  1.075440168380737305e+00
1.002963327924844180e+03  1.082480788230895996e+00
1.003194311790732172e+03  1.091468334197998047e+00
1.003425325971953384e+03  1.091118097305297852e+00
1.003656399366798496e+03  1.098751902580261230e+00
1.003887524627146831e+03  1.092990398406982422e+00
1.004118702516212011e+03  1.104437112808227539e+00
1.004349946589635124e+03  1.108623504638671875e+00
1.004581216640664024e+03  1.097029447555541992e+00
1.004812573139850315e+03  1.100103855133056641e+00
1.005043960224994180e+03  1.111222624778747559e+00
1.005275408346037239e+03  1.105551838874816895e+00
1.005506901222714419e+03  1.094683051109313965e+00
1.005738452406323631e+03  1.085773825645446777e+00
1.005970067782302635e+03  1.077259898185729980e+00
1.006201718040679907e+03  1.082678914070129395e+00
1.006433442110182568e+03  1.101764917373657227e+00
1.006665201638223607e+03  1.086405754089355469e+00
1.006897023167826887e+03  1.082613348960876465e+00
1.007128892558881034e+03  1.097953796386718750e+00
1.007360816680783842e+03  1.096547007560729980e+00
9.901139930694906752e+02  1.230307817459106445e+00
9.903419924725051260e+02  1.221214890480041504e+00
9.905700579100813457e+02  1.215584039688110352e+00
9.907981647766425795e+02  1.212351441383361816e+00
9.910263447275017370e+02  1.191383957862854004e+00
9.912545510025199746e+02  1.172624230384826660e+00
9.914828240597677222e+02  1.167952418327331543e+00
9.917111525799010678e+02  1.175256371498107910e+00
9.919395197466861873e+02  1.152425646781921387e+00
9.921679545450476780e+02  1.150203466415405273e+00
9.923964297973426483e+02  1.168309688568115234e+00
9.926249722270245002e+02  1.165886640548706055e+00
9.928535488364375396e+02  1.162973523139953613e+00
9.930821903984297023e+02  1.161530852317810059e+00
9.933108826405004947e+02  1.151201844215393066e+00
9.935396235782449139e+02  1.148242950439453125e+00
9.937684287155764196e+02  1.141729116439819336e+00
9.939972702961895266e+02  1.145015954971313477e+00
9.942261846617182073e+02  1.152525305747985840e+00
9.944551276253040442e+02  1.151826500892639160e+00
9.946841384140377613e+02  1.132800698280334473e+00
9.949132019350601013e+02  1.140647768974304199e+00
9.951423122488413355e+02  1.132638454437255859e+00
9.953714820950931426e+02  1.124210834503173828e+00
9.956006985865993784e+02  1.109106421470642090e+00
9.958299765490884283e+02  1.104969620704650879e+00
9.960592897782843238e+02  1.120434522628784180e+00
9.962886678991164899e+02  1.117141127586364746e+00
9.965181023294516081e+02  1.113603115081787109e+00
9.967475822705431483e+02  1.113558650016784668e+00
9.969771226095834891e+02  1.112484455108642578e+00
9.972067071500550810e+02  1.108520507812500000e+00
9.974363595029993803e+02  1.101626634597778320e+00
9.976660432335612541e+02  1.114026427268981934e+00
9.978957925913636018e+02  1.116387963294982910e+00
9.981255917764374317e+02  1.104632139205932617e+00
9.983554447829574201e+02  1.104367971420288086e+00
9.985853535045156377e+02  1.114809751510620117e+00
9.988153069627932155e+02  1.102504491806030273e+00
9.990453277642111516e+02  1.102334856986999512e+00
9.992753843293052114e+02  1.097929596900939941e+00
9.995055052974761338e+02  1.091217517852783203e+00
9.997356758264027121e+02  1.062987089157104492e+00
9.999659019515705722e+02  1.091811060905456543e+00
1.000196181154236797e+03  1.085171699523925781e+00
1.000426506663825535e+03  1.062970638275146484e+00
1.000656896397096830e+03  1.087183833122253418e+00
1.000887323145837740e+03  1.079932928085327148e+00
1.001117817571159435e+03  1.068103790283203125e+00
1.001348357370663393e+03  1.050831913948059082e+00
1.001578952303577353e+03  1.037564516067504883e+00
1.001809606416006886e+03  1.050956845283508301e+00
1.002040303300016490e+03  1.056166648864746094e+00
1.002271065993000320e+03  1.055731654167175293e+00
1.002501863752556687e+03  1.069760203361511230e+00
1.002732733576794658e+03  1.079293012619018555e+00
1.002963641375292241e+03  1.071772813796997070e+00
1.003194612004453006e+03  1.070565700531005859e+00
1.003425635566809774e+03  1.071744918823242188e+00
1.003656705317951946e+03  1.073190808296203613e+00
1.003887841099081015e+03  1.100764393806457520e+00
1.004119010900621788e+03  1.107305765151977539e+00
1.004350254169711548e+03  1.108130574226379395e+00
1.004581533605122331e+03  1.107995510101318359e+00
1.004812879577098784e+03  1.104887604713439941e+00
1.005044274940623154e+03  1.096916317939758301e+00
1.005275717492093236e+03  1.082978606224060059e+00
1.005507230109383158e+03  1.067408323287963867e+00
1.005738768751202201e+03  1.078721284866333008e+00
1.005970387042019524e+03  1.066671609878540039e+00
1.006202040413513146e+03  1.060138583183288574e+00
1.006433754814536428e+03  1.072394371032714844e+00
1.006665526143191073e+03  1.069799542427062988e+00
1.006897339746946159e+03  1.071988224983215332e+00
1.007129226149223996e+03  1.056473612785339355e+00
1.007361140603727108e+03  1.073156833648681641e+00
9.901154324245437692e+02  1.176914691925048828e+00
9.903434542025145220e+02  1.174564003944396973e+00
9.905714990475811419e+02  1.136419177055358887e+00
9.907996270381663635e+02  1.146788954734802246e+00
9.910277785152327397e+02  1.117587089538574219e+00
9.912560092693518072e+02  1.101200580596923828e+00
9.914842680246415512e+02  1.130412459373474121e+00
9.917125933127747430e+02  1.103944301605224609e+00
9.919409818824678950e+02  1.101877450942993164e+00
9.921693989510847587e+02  1.109006166458129883e+00
9.923978905023075185e+02  1.109592556953430176e+00
9.926264117366349637e+02  1.140550851821899414e+00
9.928550145252295351e+02  1.129853367805480957e+00
9.930836386749609801e+02  1.131399393081665039e+00
9.933123328741071418e+02  1.142256975173950195e+00
9.935410897851331811e+02  1.114964962005615234e+00
9.937698753969922336e+02  1.105067729949951172e+00
9.939987335376855526e+02  1.105133771896362305e+00
9.942276246737108067e+02  1.102389454841613770e+00
9.944565955537791524e+02  1.095596909523010254e+00
9.946855885992298454e+02  1.085275888442993164e+00
9.949146549344465029e+02  1.079493761062622070e+00
9.951437792155094257e+02  1.069882512092590332e+00
9.953729336162417667e+02  1.047665834426879883e+00
9.956021632529108274e+02  1.044738292694091797e+00
9.958314226645378540e+02  1.039182543754577637e+00
9.960607634348801867e+02  1.008910536766052246e+00
9.962901233718914682e+02  1.016249418258666992e+00
9.965195624989122507e+02  1.023244976997375488e+00
9.967490520549786197e+02  1.025441527366638184e+00
9.969785766725656231e+02  1.038839578628540039e+00
9.972081747616927032e+02  1.031957268714904785e+00
9.974378044333003572e+02  1.038855433464050293e+00
9.976675184178507152e+02  1.029602885246276855e+00
9.978972513971016269e+02  1.031633019447326660e+00
9.981270550005149289e+02  1.077695727348327637e+00
9.983569142783027246e+02  1.061359167098999023e+00
9.985868116010450422e+02  1.047858834266662598e+00
9.988167792209933395e+02  1.056733369827270508e+00
9.990467776132837798e+02  1.069131016731262207e+00
9.992768624225900567e+02  1.068785190582275391e+00
9.995069678936341688e+02  1.076495528221130371e+00
9.997371430871115763e+02  1.074455976486206055e+00
9.999673739809448989e+02  1.069149136543273926e+00
1.000197644736170901e+03  1.080995798110961914e+00
1.000427985423020573e+03  1.060936212539672852e+00
1.000658356807921336e+03  1.028263568878173828e+00
1.000888814057910849e+03  1.028299927711486816e+00
1.001119284817623907e+03  1.011102318763732910e+00
1.001349833985014811e+03  9.977794885635375977e-01
1.001580431310724748e+03  9.947534203529357910e-01
1.001811079487099960e+03  9.850765466690063477e-01
1.002041791171867885e+03  9.866127967834472656e-01
1.002272530402184543e+03  9.871343970298767090e-01
1.002503360469492918e+03  1.000467658042907715e+00
1.002734203649383858e+03  1.004411220550537109e+00
1.002965129988973331e+03  1.008221745491027832e+00
1.003196094211349759e+03  1.017597913742065430e+00
1.003427112875512762e+03  1.024060368537902832e+00
1.003658200355261556e+03  1.028286695480346680e+00
1.003889304235537224e+03  1.029862999916076660e+00
1.004120505071746038e+03  1.021804213523864746e+00
1.004351722582067737e+03  1.026128053665161133e+00
1.004583022421844476e+03  1.060858607292175293e+00
1.004814353841143657e+03  1.048958063125610352e+00
1.005045746224433628e+03  1.045884132385253906e+00
1.005277205266849364e+03  1.040553689002990723e+00
1.005508683320324053e+03  1.036971926689147949e+00
1.005740258700731829e+03  1.029050588607788086e+00
1.005971852955539248e+03  1.034548163414001465e+00
1.006203526044150635e+03  1.030565381050109863e+00
1.006435223985280345e+03  1.018319964408874512e+00
1.006666992550535838e+03  1.034500241279602051e+00
1.006898823639724128e+03  1.045957803726196289e+00
1.007130679335235300e+03  1.052000045776367188e+00
1.007362625400094998e+03  1.040573000907897949e+00
9.901121985031061286e+02  1.122284293174743652e+00
9.903402185585549660e+02  1.124869942665100098e+00
9.905682668732259799e+02  1.100136160850524902e+00
9.907963946559891610e+02  1.110644102096557617e+00
9.910245481866691080e+02  1.114888906478881836e+00
9.912527806725368009e+02  1.093752980232238770e+00
9.914810395069468996e+02  1.098706841468811035e+00
9.917093607393543380e+02  1.103564977645874023e+00
9.919377420102093765e+02  1.095608949661254883e+00
9.921661594609496433e+02  1.097335577011108398e+00
9.923946584135167086e+02  1.097243309020996094e+00
9.926231783877810813e+02  1.098831653594970703e+00
9.928517824537498200e+02  1.105272531509399414e+00
9.930804040328407609e+02  1.098799824714660645e+00
9.933090980658668059e+02  1.079621434211730957e+00
9.935378461767874114e+02  1.094718337059020996e+00
9.937666350419428909e+02  1.093628168106079102e+00
9.939954989872297801e+02  1.110554933547973633e+00
9.942243963530910378e+02  1.118764877319335938e+00
9.944533598174765530e+02  1.101066946983337402e+00
9.946823586063939047e+02  1.088916540145874023e+00
9.949114250988724280e+02  1.054508447647094727e+00
9.951405408484088184e+02  1.040460348129272461e+00
9.953696982461732432e+02  1.044240474700927734e+00
9.955989257963202590e+02  1.032580971717834473e+00
9.958281928518733821e+02  1.026566624641418457e+00
9.960575215733734922e+02  1.022060751914978027e+00
9.962868949800476912e+02  1.005397558212280273e+00
9.965163288925067491e+02  1.004567861557006836e+00
9.967458157010948980e+02  1.008308291435241699e+00
9.969753385299497950e+02  1.002412676811218262e+00
9.972049385416897849e+02  9.912298321723937988e-01
9.974345746095816594e+02  9.933472275733947754e-01
9.976642760727361292e+02  9.940687417984008789e-01
9.978940151351077930e+02  1.001364588737487793e+00
9.981238253201362340e+02  1.023449778556823730e+00
9.983536713736616548e+02  1.043663740158081055e+00
9.985835736358478698e+02  1.044227004051208496e+00
9.988135426534878434e+02  1.040684461593627930e+00
9.990435489420077602e+02  1.042842149734497070e+00
9.992736255806448753e+02  1.033123254776000977e+00
9.995037273348409599e+02  1.035126686096191406e+00
9.997339068125203312e+02  1.016207814216613770e+00
9.999641244991512394e+02  9.953315258026123047e-01
1.000194397150496911e+03  9.972161650657653809e-01
1.000424739432862680e+03  9.952944517135620117e-01
1.000655112668447259e+03  1.001036524772644043e+00
1.000885561032400801e+03  1.000293731689453125e+00
1.001116034601016509e+03  9.934768080711364746e-01
1.001346585163876398e+03  9.741616249084472656e-01
1.001577176406069839e+03  9.814180731773376465e-01
1.001807821020088454e+03  9.684081673622131348e-01
1.002038528617450538e+03  9.715185165405273438e-01
1.002269276496034308e+03  9.740873575210571289e-01
1.002500096007349157e+03  9.634040594100952148e-01
1.002730942714523508e+03  9.601077437400817871e-01
1.002961866393824835e+03  9.809611439704895020e-01
1.003192831415845035e+03  1.013268709182739258e+00
1.003423844616506130e+03  1.005938529968261719e+00
1.003654928153149285e+03  1.020720958709716797e+00
1.003886042883525761e+03  1.032928109169006348e+00
1.004117235543736001e+03  1.038109183311462402e+00
1.004348456023274593e+03  1.039961218833923340e+00
1.004579757606565749e+03  1.036652565002441406e+00
1.004811085030159006e+03  1.039594054222106934e+00
1.005042479268599209e+03  1.030712485313415527e+00
1.005273927041316824e+03  1.014960646629333496e+00
1.005505420538045655e+03  1.019567966461181641e+00
1.005736985990609128e+03  1.012788772583007812e+00
1.005968575168313237e+03  1.033910155296325684e+00
1.006200249642144854e+03  1.031468868255615234e+00
1.006431955740291187e+03  1.018128871917724609e+00
1.006663713333995815e+03  1.008963584899902344e+00
1.006895546709790437e+03  1.002722978591918945e+00
1.007127404771859347e+03  9.984787106513977051e-01
1.007359345945571590e+03  1.004197955131530762e+00
9.901162347273706246e+02  1.072204113006591797e+00
9.903442374066710272e+02  1.064180016517639160e+00
9.905723052980041530e+02  1.050592422485351562e+00
9.908004228148975017e+02  1.037334918975830078e+00
9.910285814669950923e+02  1.032922387123107910e+00
9.912568152174233092e+02  1.045641422271728516e+00
9.914850749018745546e+02  1.042895913124084473e+00
9.917134032143557079e+02  1.035933136940002441e+00
9.919417733380679465e+02  1.005069255828857422e+00
9.921702120948898482e+02  1.008641839027404785e+00
9.923986950482483280e+02  1.026874423027038574e+00
9.926272245274712986e+02  1.023457884788513184e+00
9.928558243226983677e+02  1.043007135391235352e+00
9.930844576093562637e+02  1.045103788375854492e+00
9.933131504360852659e+02  1.037158727645874023e+00
9.935418907985271062e+02  1.042656064033508301e+00
9.937706885562947718e+02  1.045676231384277344e+00
9.939995455500052230e+02  1.038900256156921387e+00
9.942284372574035842e+02  1.044365048408508301e+00
9.944574039686877995e+02  1.034651875495910645e+00
9.946864050170789824e+02  1.016585588455200195e+00
9.949154769219207992e+02  1.007542729377746582e+00
9.951445780275387278e+02  1.008265137672424316e+00
9.953737488803060387e+02  9.983794093132019043e-01
9.956029732624680264e+02  9.706678986549377441e-01
9.958322335989239491e+02  9.651061296463012695e-01
9.960615708380947808e+02  9.463353753089904785e-01
9.962909388892614970e+02  9.466732740402221680e-01
9.965203795908702205e+02  9.487793445587158203e-01
9.967498512100283961e+02  9.715843796730041504e-01
9.969793942019565520e+02  9.619964957237243652e-01
9.972089887439007043e+02  9.520587921142578125e-01
9.974386227535958369e+02  9.704744219779968262e-01
9.976683272926771906e+02  9.688310027122497559e-01
9.978980650331600373e+02  9.756713509559631348e-01
9.981278775124063714e+02  9.718165397644042969e-01
9.983577185355444499e+02  9.742672443389892578e-01
9.985876327114607420e+02  9.953405857086181641e-01
9.988175955894380422e+02  9.924897551536560059e-01
9.990476003005832126e+02  1.002232909202575684e+00
9.992776748039219683e+02  1.003114104270935059e+00
9.995077785932459165e+02  9.870969653129577637e-01
9.997379654102999211e+02  9.865760207176208496e-01
9.999681736338708333e+02  9.989895820617675781e-01
1.000198459969022792e+03  9.888953566551208496e-01
1.000428796052166263e+03  9.716484546661376953e-01
1.000659174547460225e+03  9.553266167640686035e-01
1.000889617850610989e+03  9.407699704170227051e-01
1.001120097712073743e+03  9.225525856018066406e-01
1.001350653546931767e+03  8.974054455757141113e-01
1.001581234386344477e+03  9.134897589683532715e-01
1.001811887907515825e+03  9.055057764053344727e-01
1.002042591176689598e+03  8.966799974441528320e-01
1.002273342873010847e+03  9.152624011039733887e-01
1.002504159093318435e+03  9.281958341598510742e-01
1.002735010440565702e+03  9.394087791442871094e-01
1.002965939084372053e+03  9.453518390655517578e-01
1.003196890548904094e+03  9.624820351600646973e-01
1.003427918526379585e+03  9.805912375450134277e-01
1.003658994160513657e+03  9.757432341575622559e-01
1.003890121155411293e+03  9.559667706489562988e-01
1.004121307714562249e+03  9.601369500160217285e-01
1.004352532451640741e+03  9.502298831939697266e-01
1.004583834864724736e+03  9.643949866294860840e-01
1.004815160700241108e+03  9.792907834053039551e-01
1.005046562726718207e+03  9.668933153152465820e-01
1.005278008405778678e+03  9.753037095069885254e-01
1.005509508154692639e+03  9.726780056953430176e-01
1.005741067149373521e+03  9.772403836250305176e-01
1.005972663097863801e+03  9.751070737838745117e-01
1.006204339481563579e+03  9.802305102348327637e-01
1.006436040334643735e+03  9.912020564079284668e-01
1.006667816054381774e+03  9.752130508422851562e-01
1.006899629644217043e+03  9.833061099052429199e-01
1.007131505279692988e+03  9.775831699371337891e-01
1.007363434324784635e+03  9.736390113830566406e-01
9.901142591906245798e+02  1.024687767028808594e+00
9.903422767800125257e+02  1.023030638694763184e+00
9.905703343911371803e+02  1.009021997451782227e+00
9.907984464807635732e+02  1.000055551528930664e+00
9.910266043778510721e+02  9.942170977592468262e-01
9.912548229462569225e+02  9.875178337097167969e-01
9.914831013962784709e+02  9.867407083511352539e-01
9.917114140960648001e+02  9.952287077903747559e-01
9.919398003088732594e+02  9.967295527458190918e-01
9.921682336564149409e+02  9.993868470191955566e-01
9.923967130744149472e+02  1.009188771247863770e+00
9.926252422800765771e+02  9.989199042320251465e-01
9.928538288856243526e+02  1.007357239723205566e+00
9.930824755147582437e+02  1.006528496742248535e+00
9.933111532515929412e+02  1.011479377746582031e+00
9.935399097875316556e+02  1.016951441764831543e+00
9.937687074601116137e+02  1.025788784027099609e+00
9.939975564981258458e+02  1.041500568389892578e+00
9.942264531517163277e+02  1.010637640953063965e+00
9.944554121263203115e+02  9.914118647575378418e-01
9.946844267725609825e+02  9.915390014648437500e-01
9.949134730563399671e+02  9.706826806068420410e-01
9.951425984763895940e+02  9.715345501899719238e-01
9.953717615775423155e+02  9.549785852432250977e-01
9.956009781788509372e+02  9.448942542076110840e-01
9.958302431149573977e+02  9.367179870605468750e-01
9.960595717163349718e+02  9.088461399078369141e-01
9.962889611526995850e+02  9.019932150840759277e-01
9.965183774886289712e+02  9.225686192512512207e-01
9.967478717935454142e+02  9.107049107551574707e-01
9.969774000220816106e+02  9.146785140037536621e-01
9.972069917679809805e+02  9.097931981086730957e-01
9.974366253642815536e+02  9.275853633880615234e-01
9.976663251066321436e+02  9.382928609848022461e-01
9.978960819989461015e+02  9.259751439094543457e-01
9.981258683427845426e+02  9.210065603256225586e-01
9.983557334454576448e+02  9.216751456260681152e-01
9.985856332430785187e+02  9.273059964179992676e-01
9.988155980571067403e+02  9.318961501121520996e-01
9.990456009023332626e+02  9.379878640174865723e-01
9.992756712420321037e+02  9.445070624351501465e-01
9.995057934078448625e+02  9.594739675521850586e-01
9.997359511709712478e+02  9.240057468414306641e-01
9.999661879314099906e+02  9.348055124282836914e-01
1.000196459375614722e+03  9.374806284904479980e-01
1.000426795990555320e+03  9.146532416343688965e-01
1.000657170707849446e+03  9.208358526229858398e-01
1.000887609928834763e+03  9.187743067741394043e-01
1.001118102061745390e+03  8.948004841804504395e-01
1.001348630742433215e+03  9.041747450828552246e-01
1.001579241708743325e+03  8.804317116737365723e-01
1.001809883847917831e+03  8.501700758934020996e-01
1.002040590887839585e+03  8.642307519912719727e-01
1.002271340297071447e+03  8.667740225791931152e-01
1.002502153823376830e+03  8.729764819145202637e-01
1.002733018323208967e+03  8.709588646888732910e-01
1.002963918180530641e+03  8.751202821731567383e-01
1.003194895592598755e+03  8.688858151435852051e-01
1.003425911549293573e+03  8.901559710502624512e-01
1.003656992794147413e+03  9.176099300384521484e-01
1.003888115309804789e+03  9.394941926002502441e-01
1.004119300973269446e+03  9.423206448554992676e-01
1.004350532789185650e+03  9.500580430030822754e-01
1.004581808268119971e+03  9.439790248870849609e-01
1.004813160471348397e+03  9.494552016258239746e-01
1.005044542268655050e+03  9.292725324630737305e-01
1.005275997946841130e+03  9.285728335380554199e-01
1.005507492576988739e+03  9.322056770324707031e-01
1.005739049888947989e+03  9.365488886833190918e-01
1.005970656596215576e+03  9.262615442276000977e-01
1.006202312267310162e+03  9.438201785087585449e-01
1.006434037818746447e+03  9.302454590797424316e-01
1.006665798099966423e+03  9.195640683174133301e-01
1.006897617868825591e+03  9.113470315933227539e-01
1.007129490045291959e+03  9.234618544578552246e-01
1.007361418157889716e+03  9.244396090507507324e-01
9.901121593749860494e+02  1.033606410026550293e+00
9.903401593601308832e+02  1.009417057037353516e+00
9.905682232451522395e+02  9.912167191505432129e-01
9.907963368176764334e+02  9.836479425430297852e-01
9.910244992658454066e+02  9.880487322807312012e-01
9.912527229208909603e+02  9.821562767028808594e-01
9.914809878479420604e+02  9.770830273628234863e-01
9.917093170931159420e+02  9.763916730880737305e-01
9.919376845845729349e+02  9.677040576934814453e-01
9.921661166388756783e+02  9.890134930610656738e-01
9.923945960869893952e+02  9.969648122787475586e-01
9.926231286881003371e+02  1.015544414520263672e+00
9.928517245942001637e+02  1.022695064544677734e+00
9.930803516772103876e+02  1.022247672080993652e+00
9.933090487844166319e+02  1.006727933883666992e+00
9.935377880391206418e+02  9.817904829978942871e-01
9.937665892729201005e+02  9.592153429985046387e-01
9.939954349556861644e+02  9.545486569404602051e-01
9.942243337444929239e+02  9.534096121788024902e-01
9.944533040462705458e+02  9.631741642951965332e-01
9.946822986465822396e+02  9.700318574905395508e-01
9.949113649197180393e+02  9.561843872070312500e-01
9.951404728658769727e+02  9.231518507003784180e-01
9.953696434196696146e+02  9.116147160530090332e-01
9.955988584182240402e+02  8.928313255310058594e-01
9.958281257428501476e+02  8.922257423400878906e-01
9.960574645667562663e+02  8.918986916542053223e-01
9.962868309462202205e+02  9.022280573844909668e-01
9.965162676785928397e+02  9.113288521766662598e-01
9.967457433055752745e+02  9.218618273735046387e-01
9.969752840060100425e+02  9.345655441284179688e-01
9.972048676741778763e+02  8.916348218917846680e-01
9.974345085775432835e+02  8.735573887825012207e-01
9.976642104892748648e+02  8.749095797538757324e-01
9.978939470209284082e+02  8.863614797592163086e-01
9.981237552265652084e+02  8.903131484985351562e-01
9.983536013226017758e+02  8.912014961242675781e-01
9.985835152799738808e+02  8.916784524917602539e-01
9.988134666343331673e+02  9.079514145851135254e-01
9.990434786783787331e+02  8.856320977210998535e-01
9.992735485928627668e+02  8.768445253372192383e-01
9.995036601890222983e+02  9.044046401977539062e-01
9.997338385367330602e+02  9.071105718612670898e-01
9.999640526626752717e+02  9.102607369422912598e-01
1.000194340705473110e+03  9.024947285652160645e-01
1.000424665824994236e+03  8.820956349372863770e-01
1.000655042595068721e+03  8.497584462165832520e-01
1.000885484127642030e+03  8.522277474403381348e-01
1.001115972276622983e+03  8.593663573265075684e-01
1.001346516175137481e+03  8.543538451194763184e-01
1.001577107336541417e+03  8.416658639907836914e-01
1.001807765198066477e+03  8.419680595397949219e-01
1.002038458492590394e+03  8.435885310173034668e-01
1.002269210320901607e+03  8.443611264228820801e-01
1.002500021818453433e+03  8.651235103607177734e-01
1.002730882268255527e+03  8.887375593185424805e-01
1.002961795476692828e+03  8.924630284309387207e-01
1.003192761041748554e+03  9.074987769126892090e-01
1.003423794790819784e+03  9.202247858047485352e-01
1.003654857035944588e+03  9.012045264244079590e-01
1.003885986162474524e+03  9.096010923385620117e-01
1.004117170647491207e+03  9.061130285263061523e-01
1.004348399908279248e+03  8.847544193267822266e-01
1.004579690821590361e+03  8.861545324325561523e-01
1.004811028206181049e+03  8.974890708923339844e-01
1.005042431627586666e+03  8.826387524604797363e-01
1.005273867121926173e+03  9.127610921859741211e-01
1.005505369474077838e+03  9.323290586471557617e-01
1.005736925071613086e+03  9.186631441116333008e-01
1.005968530075062517e+03  9.162154197692871094e-01
1.006200189600202521e+03  9.085169434547424316e-01
1.006431896781766113e+03  8.751189112663269043e-01
1.006663673166896388e+03  8.977733850479125977e-01
1.006895482093666715e+03  9.114887118339538574e-01
1.007127359039269436e+03  9.247696399688720703e-01
1.007359288084157583e+03  9.439699053764343262e-01
9.901161463689794573e+02  9.611233472824096680e-01
9.903441742802419867e+02  9.155659079551696777e-01
9.905722076666543217e+02  9.203391075134277344e-01
9.908003520061485005e+02  9.387675523757934570e-01
9.910285042121988681e+02  9.504199624061584473e-01
9.912567156806127286e+02  9.601576924324035645e-01
9.914849911989981592e+02  9.489098191261291504e-01
9.917133135382637192e+02  9.235189557075500488e-01
9.919417061030208060e+02  9.244747757911682129e-01
9.921701112724691711e+02  9.361416697502136230e-01
9.923986178155141715e+02  9.407129287719726562e-01
9.926271412557788381e+02  9.579269886016845703e-01
9.928557228819998954e+02  9.422662854194641113e-01
9.930843602994980301e+02  9.421969652175903320e-01
9.933130535931591112e+02  9.504521489143371582e-01
9.935418171411739650e+02  9.304235577583312988e-01
9.937705935451529058e+02  8.981010317802429199e-01
9.939994691366373445e+02  9.124803543090820312e-01
9.942283627214202397e+02  8.922442793846130371e-01
9.944573051443768463e+02  8.544749021530151367e-01
9.946863091710109757e+02  8.661090135574340820e-01
9.949153789019883334e+02  8.522557616233825684e-01
9.951445060049285303e+02  8.418141603469848633e-01
9.953736503715325625e+02  8.373101353645324707e-01
9.956029021429483237e+02  8.099937438964843750e-01
9.958321634022320268e+02  8.074351549148559570e-01
9.960614770740438644e+02  8.214538693428039551e-01
9.962908520664389016e+02  8.417122960090637207e-01
9.965202804076052416e+02  8.337028622627258301e-01
9.967497771093303527e+02  8.344345092773437500e-01
9.969792959817189058e+02  8.380438089370727539e-01
9.972089201034937105e+02  8.236300349235534668e-01
9.974385446378698816e+02  8.158779740333557129e-01
9.976682350651352635e+02  8.312702775001525879e-01
9.978979771443047184e+02  8.221991658210754395e-01
9.981277767351007242e+02  8.199090957641601562e-01
9.983576413789484150e+02  8.552235960960388184e-01
9.985875304077768533e+02  8.675583004951477051e-01
9.988175199966010496e+02  8.576982021331787109e-01
9.990475182365014462e+02  8.834280967712402344e-01
9.992775851220350205e+02  8.814046978950500488e-01
9.995076904958888235e+02  8.687785863876342773e-01
9.997378613315736402e+02  8.718560934066772461e-01
9.999681029625767223e+02  8.687956333160400391e-01
1.000198359385558206e+03  8.725264668464660645e-01
1.000428724620584035e+03  8.727248311042785645e-01
1.000659081435662074e+03  8.602682948112487793e-01
1.000889530609678218e+03  8.422330021858215332e-01
1.001120006665295932e+03  8.234298825263977051e-01
1.001350545985877034e+03  8.113732933998107910e-01
1.001581155554026168e+03  7.748704552650451660e-01
1.001811795498274819e+03  7.942634820938110352e-01
1.002042523233380166e+03  7.931773662567138672e-01
1.002273256505224253e+03  8.191238641738891602e-01
1.002504085100250677e+03  8.352137207984924316e-01
1.002734928340302986e+03  8.173412084579467773e-01
1.002965845110714099e+03  8.070200681686401367e-01
1.003196817937433025e+03  8.297426104545593262e-01
1.003427832732664228e+03  8.374335169792175293e-01
1.003658918299682341e+03  8.554308414459228516e-01
1.003890030391072514e+03  8.458840250968933105e-01
1.004121230226920829e+03  8.209736943244934082e-01
1.004352449632811158e+03  8.501334190368652344e-01
1.004583733809788669e+03  8.625257611274719238e-01
1.004815083385340699e+03  8.403449058532714844e-01
1.005046474863245066e+03  8.434445858001708984e-01
1.005277933872230051e+03  8.372020721435546875e-01
1.005509412551061587e+03  8.427901268005371094e-01
1.005740983901864524e+03  8.461964130401611328e-01
1.005972569905822638e+03  8.444864153861999512e-01
1.006204233803209604e+03  8.730953931808471680e-01
1.006435952462045293e+03  8.976540565490722656e-01
1.006667713817102822e+03  8.844235539436340332e-01
1.006899553373469530e+03  8.584319353103637695e-01
1.007131404387571934e+03  8.624609112739562988e-01
1.007363360376009950e+03  8.625167012214660645e-01
9.901122053639222713e+02  9.403699040412902832e-01
9.903402175651608559e+02  9.303168654441833496e-01
9.905682755903019370e+02  8.884814977645874023e-01
9.907964050737967909e+02  8.955636024475097656e-01
9.910245640395681903e+02  8.726337552070617676e-01
9.912527724034297307e+02  8.586397171020507812e-01
9.914810549740363967e+02  8.660312294960021973e-01
9.917093642584171675e+02  8.369602560997009277e-01
9.919377412801302398e+02  8.310877680778503418e-01
9.921661668045555871e+02  8.520497083663940430e-01
9.923946647816767381e+02  8.575774431228637695e-01
9.926231892605276244e+02  8.623004555702209473e-01
9.928517703404190797e+02  9.086032509803771973e-01
9.930804210442878457e+02  9.016596078872680664e-01
9.933090999452491587e+02  8.928642868995666504e-01
9.935378450746396766e+02  8.843477964401245117e-01
9.937666416832261120e+02  8.590891957283020020e-01
9.939955031779506953e+02  8.537213206291198730e-01
9.942243969281615819e+02  8.517827987670898438e-01
9.944533460810150700e+02  8.401856422424316406e-01
9.946823660232166731e+02  8.516057133674621582e-01
9.949114176197433608e+02  8.362128138542175293e-01
9.951405321825326382e+02  8.244019150733947754e-01
9.953696936801704851e+02  8.117347359657287598e-01
9.955989306649740911e+02  8.029900789260864258e-01
9.958281862656909880e+02  7.968038320541381836e-01
9.960575148110991677e+02  7.768638730049133301e-01
9.962869009996098839e+02  7.866947054862976074e-01
9.965163209212302036e+02  8.029608726501464844e-01
9.967458039970069876e+02  8.002076148986816406e-01
9.969753349647946834e+02  8.015393018722534180e-01
9.972049411779855745e+02  7.925084233283996582e-01
9.974345635881001044e+02  7.879527211189270020e-01
9.976642635989582004e+02  8.179675340652465820e-01
9.978940208160360044e+02  8.335506319999694824e-01
9.981238159557880181e+02  8.263683319091796875e-01
9.983536666695658823e+02  8.208296298980712891e-01
9.985835627319919467e+02  8.221983313560485840e-01
9.988135406716867237e+02  8.227025866508483887e-01
9.990435428665681457e+02  8.230993151664733887e-01
9.992736073454499319e+02  8.276561498641967773e-01
9.995037335847202939e+02  8.118670582771301270e-01
9.997338942404765021e+02  8.163505792617797852e-01
9.999641245273885488e+02  8.246895670890808105e-01
1.000194391536003877e+03  8.097932338714599609e-01
1.000424735697624328e+03  8.066851496696472168e-01
1.000655112126972767e+03  8.116006851196289062e-01
1.000885548642246931e+03  8.089892268180847168e-01
1.001116046960428889e+03  7.970933318138122559e-01
1.001346577256891464e+03  7.638072967529296875e-01
1.001577179455897863e+03  7.363659739494323730e-01
1.001807811115230834e+03  7.337576746940612793e-01
1.002038527527178985e+03  7.180222868919372559e-01
1.002269282518200043e+03  7.142851948738098145e-01
1.002500093343323556e+03  7.215485572814941406e-01
1.002730959022951652e+03  7.277811765670776367e-01
1.002961852445835575e+03  7.516565322875976562e-01
1.003192828198580514e+03  7.841062545776367188e-01
1.003423832766098371e+03  8.055678009986877441e-01
1.003654919566335479e+03  7.987936139106750488e-01
1.003886048167221816e+03  7.901101708412170410e-01
1.004117235458397658e+03  7.746263742446899414e-01
1.004348474352053358e+03  8.045489192008972168e-01
1.004579738620195485e+03  8.037016391754150391e-01
1.004811082039886514e+03  8.019134402275085449e-01
1.005042461933915888e+03  7.917534112930297852e-01
1.005273922198546643e+03  7.841060757637023926e-01
1.005505423483447544e+03  8.058547377586364746e-01
1.005736986199240619e+03  8.074663281440734863e-01
1.005968597787549925e+03  8.233214020729064941e-01
1.006200238135697759e+03  8.457900881767272949e-01
1.006431959027506537e+03  8.425765633583068848e-01
1.006663712157671966e+03  8.380497097969055176e-01
1.006895544831812344e+03  8.336684703826904297e-01
1.007127413559709339e+03  8.527778387069702148e-01
1.007359350710323042e+03  8.236222863197326660e-01
9.901160511764029479e+02  8.008943200111389160e-01
9.903440738991026819e+02  7.991062402725219727e-01
9.905721471008869230e+02  8.169324994087219238e-01
9.908002608080196296e+02  8.038671016693115234e-01
9.910284252299026093e+02  7.831864356994628906e-01
9.912566373740041854e+02  7.772506475448608398e-01
9.914849118707074922e+02  7.747164368629455566e-01
9.917132112575003475e+02  7.459806203842163086e-01
9.919416022087606279e+02  7.456755042076110840e-01
9.921700477998995211e+02  7.387551069259643555e-01
9.923985255141332118e+02  7.635216116905212402e-01
9.926270664526997507e+02  7.907555103302001953e-01
9.928556463317147518e+02  7.656349539756774902e-01
9.930842869199319694e+02  7.610965967178344727e-01
9.933129597089987328e+02  7.715495824813842773e-01
9.935417209585350520e+02  7.458643317222595215e-01
9.937705247741523635e+02  7.512493133544921875e-01
9.939993728061796219e+02  7.530689835548400879e-01
9.942282766950263522e+02  7.312407493591308594e-01
9.944572415017279354e+02  7.442339658737182617e-01
9.946862414612858174e+02  7.626489996910095215e-01
9.949152755930133480e+02  7.887420654296875000e-01
9.951444029769899089e+02  7.693893909454345703e-01
9.953735806321582231e+02  7.411385774612426758e-01
9.956028031213900249e+02  6.974976062774658203e-01
9.958320840630628936e+02  6.606013178825378418e-01
9.960614071563882135e+02  6.942567229270935059e-01
9.962907883158696905e+02  7.359372377395629883e-01
9.965201880439590241e+02  7.285127043724060059e-01
9.967496866384963141e+02  7.390844225883483887e-01
9.969792373011628115e+02  7.705602049827575684e-01
9.972088155370919367e+02  7.613759636878967285e-01
9.974384823515769085e+02  7.321791052818298340e-01
9.976681621278299872e+02  7.145939469337463379e-01
9.978979170834911656e+02  7.269145846366882324e-01
9.981277062769925124e+02  7.352496385574340820e-01
9.983575618306089154e+02  7.626980543136596680e-01
9.985874702158399714e+02  7.436327338218688965e-01
9.988174119698956019e+02  7.307350039482116699e-01
9.990474516928718458e+02  7.564867138862609863e-01
9.992775145348050501e+02  7.835296392440795898e-01
9.995076310509862196e+02  7.677600979804992676e-01
9.997378013180333483e+02  7.506254315376281738e-01
9.999680241386026864e+02  7.553378343582153320e-01
1.000198300183276842e+03  7.292397022247314453e-01
1.000428609654907746e+03  6.986967921257019043e-01
1.000659025250281047e+03  7.144665718078613281e-01
1.000889460583037248e+03  6.845580339431762695e-01
1.001119943623376912e+03  6.760224699974060059e-01
1.001350485102408697e+03  6.594145894050598145e-01
1.001581076197574930e+03  6.380448937416076660e-01
1.001811721561482273e+03  6.399613022804260254e-01
1.002042415239415618e+03  6.840793490409851074e-01
1.002273187620821204e+03  6.902045607566833496e-01
1.002503996256916139e+03  6.791318058967590332e-01
1.002734850639432580e+03  7.259137630462646484e-01
1.002965770759097722e+03  7.352148294448852539e-01
1.003196733129894255e+03  7.136650681495666504e-01
1.003427753041311917e+03  7.419801354408264160e-01
1.003658827690809858e+03  7.277851104736328125e-01
1.003889967851065649e+03  7.055392861366271973e-01
1.004121141495216648e+03  7.580474615097045898e-01
1.004352376481861711e+03  7.748227715492248535e-01
1.004583669119799879e+03  7.684586644172668457e-01
1.004814993943018408e+03  7.648983001708984375e-01
1.005046391804879818e+03  7.603977322578430176e-01
1.005277828963294269e+03  7.702751755714416504e-01
1.005509354340502455e+03  7.689122557640075684e-01
1.005740897360756321e+03  7.607549428939819336e-01
1.005972505183022918e+03  7.265789508819580078e-01
1.006204171694165552e+03  7.109897732734680176e-01
1.006435876162528643e+03  7.092880010604858398e-01
1.006667635450851662e+03  7.196077704429626465e-01
1.006899463045394668e+03  6.845230460166931152e-01
1.007131352487112849e+03  6.915578842163085938e-01
1.007363277247886003e+03  7.230277061462402344e-01
9.901024789187318902e+02  6.278496384620666504e-01
9.903305113746918096e+02  6.302680969238281250e-01
9.905585454036557849e+02  6.173240542411804199e-01
9.907866690232991687e+02  6.057806611061096191e-01
9.910148172911410711e+02  5.875242352485656738e-01
9.912430423066549565e+02  5.582228899002075195e-01
9.914713135787701503e+02  5.988285541534423828e-01
9.916996137301586032e+02  6.064489483833312988e-01
9.919280421617123693e+02  6.114424467086791992e-01
9.921564242611248119e+02  6.389762759208679199e-01
9.923849099773054832e+02  6.452786326408386230e-01
9.926134400900746186e+02  6.924429535865783691e-01
9.928420311458330616e+02  7.315476536750793457e-01
9.930706634915065933e+02  7.238318324089050293e-01
9.932993352027000356e+02  6.854957938194274902e-01
9.935281106863544665e+02  6.719785928726196289e-01
9.937568841399876192e+02  6.317459940910339355e-01
9.939857430798209634e+02  5.947499871253967285e-01
9.942146315224752016e+02  5.763915777206420898e-01
9.944435884032865260e+02  6.264792084693908691e-01
9.946725922521807206e+02  6.458566188812255859e-01
9.949016412023597695e+02  6.166423559188842773e-01
9.951307767982472114e+02  6.140421032905578613e-01
9.953599426065264879e+02  5.770985484123229980e-01
9.955891372348670529e+02  5.614901781082153320e-01
9.958184141057569150e+02  5.311015844345092773e-01
9.960477309881937344e+02  5.324814915657043457e-01
9.962770962220751017e+02  5.514810681343078613e-01
9.965065314745770593e+02  5.210480093955993652e-01
9.967360209695783624e+02  5.385832786560058594e-01
9.969655637479812640e+02  5.127052664756774902e-01
9.971951290786165600e+02  5.573124885559082031e-01
9.974247744803168416e+02  6.019508242607116699e-01
9.976544722506034759e+02  6.367028355598449707e-01
9.978841995613314566e+02  6.403241753578186035e-01
9.981140185763955515e+02  6.308481097221374512e-01
9.983438608525017344e+02  6.067129373550415039e-01
9.985737722038385300e+02  5.636019706726074219e-01
9.988037221750525987e+02  5.355933308601379395e-01
9.990337251149635449e+02  5.958170294761657715e-01
9.992637943398409561e+02  5.719823837280273438e-01
9.994938987826761831e+02  5.976131558418273926e-01
9.997240828108054984e+02  6.141138076782226562e-01
9.999542927011599431e+02  5.717767477035522461e-01
1.000184577520400467e+03  5.554649233818054199e-01
1.000414901798765300e+03  5.743324756622314453e-01
1.000645280016456013e+03  5.830726027488708496e-01
1.000875712275650585e+03  5.531325936317443848e-01
1.001106183496534868e+03  5.608767867088317871e-01
1.001336744496158417e+03  5.290430188179016113e-01
1.001567332606756963e+03  4.901938438415527344e-01
1.001797973958542684e+03  5.287431478500366211e-01
1.002028681769427862e+03  5.887652039527893066e-01
1.002259423070909861e+03  5.902143716812133789e-01
1.002490236062043323e+03  6.214237213134765625e-01
1.002721076080300804e+03  6.513697504997253418e-01
1.002952003987594253e+03  6.646699309349060059e-01
1.003182975732437512e+03  6.493630409240722656e-01
1.003413978275711997e+03  6.642718911170959473e-01
1.003645061299752797e+03  6.745879650115966797e-01
1.003876175977145522e+03  6.389055252075195312e-01
1.004107363349035268e+03  6.281021833419799805e-01
1.004338580501624278e+03  6.245418190956115723e-01
1.004569874115074526e+03  6.500121355056762695e-01
1.004801210795542829e+03  6.397083401679992676e-01
1.005032598993578858e+03  6.467284560203552246e-01
1.005264059027580288e+03  6.228737831115722656e-01
1.005495537656336296e+03  6.122090220451354980e-01
1.005727093750390623e+03  6.361779570579528809e-01
1.005958688151095203e+03  6.486258506774902344e-01
1.006190357862679207e+03  6.907393336296081543e-01
1.006422068044013145e+03  6.803112030029296875e-01
1.006653823941989685e+03  6.461319327354431152e-01
1.006885660131969075e+03  6.369089484214782715e-01
1.007117511229688944e+03  5.947480797767639160e-01
1.007349445366341342e+03  5.848774313926696777e-01
9.901155125906809644e+02  5.947338342666625977e-01
9.903435608860997945e+02  5.569856762886047363e-01
9.905715918598835970e+02  5.566328167915344238e-01
9.907997792751845054e+02  5.213952064514160156e-01
9.910278571583269240e+02  4.773219823837280273e-01
9.912560792980013957e+02  4.561459720134735107e-01
9.914843639696514401e+02  4.194969236850738525e-01
9.917126774828391262e+02  4.706751406192779541e-01
9.919411072955967938e+02  4.437567293643951416e-01
9.921694889470095404e+02  4.532968997955322266e-01
9.923980389995824680e+02  4.726717770099639893e-01
9.926264895650535891e+02  4.988503158092498779e-01
9.928550830509057050e+02  4.742753207683563232e-01
9.930837300369822742e+02  5.014981627464294434e-01
9.933124239020710320e+02  5.117003917694091797e-01
9.935412191812679339e+02  5.203572511672973633e-01
9.937699734978142487e+02  4.832015931606292725e-01
9.939988859428833621e+02  4.900132119655609131e-01
9.942277064599464893e+02  5.292593240737915039e-01
9.944566946541613106e+02  4.579297006130218506e-01
9.946856908211279915e+02  4.421684443950653076e-01
9.949147338238534530e+02  4.314068853855133057e-01
9.951438989080970714e+02  4.399878084659576416e-01
9.953730288246191549e+02  4.713198244571685791e-01
9.956023051891868363e+02  4.597095549106597900e-01
9.958315269264064682e+02  4.462487399578094482e-01
9.960608744629765852e+02  4.964232742786407471e-01
9.962902299046501184e+02  5.052172541618347168e-01
9.965196369194441104e+02  5.519132614135742188e-01
9.967491733747148146e+02  5.428438186645507812e-01
9.969786731187251689e+02  5.170632600784301758e-01
9.972083163175529990e+02  5.223269462585449219e-01
9.974379122354256424e+02  5.116885304450988770e-01
9.976676363255381830e+02  4.764475822448730469e-01
9.978973428775567527e+02  5.102588534355163574e-01
9.981271316394141877e+02  5.422564148902893066e-01
9.983570261129373193e+02  5.238078832626342773e-01
9.985869132214126012e+02  4.999845325946807861e-01
9.988169497164215045e+02  4.768491983413696289e-01
9.990468950189037969e+02  4.768852889537811279e-01
9.992769743888420635e+02  4.869866967201232910e-01
9.995070551269536736e+02  4.603527188301086426e-01
9.997372180818251763e+02  4.798131585121154785e-01
9.999675016186912444e+02  5.221714973449707031e-01
1.000197739448380844e+03  5.042253136634826660e-01
1.000428139916955047e+03  4.028225243091583252e-01
1.000658474121081781e+03  4.176536798477172852e-01
1.000888910031402474e+03  4.485201239585876465e-01
1.001119369520982673e+03  4.161371588706970215e-01
1.001349906697972301e+03  4.121821522712707520e-01
1.001580545259969085e+03  4.097787737846374512e-01
1.001811160210511503e+03  4.187393486499786377e-01
1.002041932001907298e+03  4.119420647621154785e-01
1.002272630179749967e+03  3.666872382164001465e-01
1.002503486231139505e+03  3.553837835788726807e-01
1.002734273969208061e+03  3.925678730010986328e-01
1.002965192613888121e+03  4.466806948184967041e-01
1.003196205520147942e+03  4.786878824234008789e-01
1.003427193499298824e+03  4.929085671901702881e-01
1.003658326071184320e+03  4.620077013969421387e-01
1.003889401405143417e+03  4.711993634700775146e-01
1.004120630446322025e+03  4.410646557807922363e-01
1.004351795259126561e+03  4.569278657436370850e-01
1.004583083865867252e+03  4.946663677692413330e-01
1.004814475393124326e+03  5.307995676994323730e-01
1.005045827246926024e+03  5.131261348724365234e-01
1.005277329639779168e+03  5.089429616928100586e-01
1.005508788198765842e+03  5.505824685096740723e-01
1.005740392816870326e+03  5.643381476402282715e-01
1.005971911387857290e+03  5.733402967453002930e-01
1.006203602364369658e+03  5.951123833656311035e-01
1.006435339939425148e+03  6.165023446083068848e-01
1.006667092769782471e+03  6.259068846702575684e-01
1.006898954572427783e+03  6.157053709030151367e-01
1.007130778383946108e+03  6.076067686080932617e-01
1.007362767739286824e+03  6.620567440986633301e-01
