2.548828382685536464e+00  5.448882374496152314e-01
2.648067024169913797e+00  5.813623462630085337e-01
2.747815604636944631e+00  5.809585492227978820e-01
2.849529594696801116e+00  6.041666666666666297e-01
2.950625684630237444e+00  6.200773306601746748e-01
3.049197728523473927e+00  6.255872220482304735e-01
3.148753463886720283e+00  6.387641458595293420e-01
3.248030900112731878e+00  6.424517593643587210e-01
3.345085599442871427e+00  7.115775220040623239e-01
3.446138496455071643e+00  8.234072022160664472e-01
3.551796602312659701e+00  8.142974527526705142e-01
3.648214763077822553e+00  7.372654155495979023e-01
3.748148193415145268e+00  6.664068589243959950e-01
3.845540375678570211e+00  6.311475409836065920e-01
3.946907068623436654e+00  5.825242718446601575e-01
4.084444811918855223e+00  5.771349862258953189e-01
4.289699313345919585e+00  5.377643504531721685e-01
4.492706916206761214e+00  4.947916666666666852e-01
4.691010351838736270e+00  3.892617449664429463e-01
